===================VOSPI PACKET===========================
0 0 250 116
131 236 129 138
129 193 130 197 
130 16 130 40
130 56 130 47
130 46 130 44
130 12 129 249
129 226 129 178
129 148 129 152
129 202 130 39
130 168 131 8
131 73 131 98
131 86 131 91
131 90 131 108
131 93 131 108 
131 40 131 130
131 120 131 78
131 96 131 85
131 103 131 95
131 113 131 137
131 78 131 74
131 79 131 69
131 13 130 142
129 181 128 215
128 175 128 70
128 67 128 56 
128 49 128 53
128 21 128 146
128 13 127 235
127 246 127 237
128 1 127 215
127 230 127 233
127 215 127 233
127 217 127 206
127 186 127 249
127 193 127 177
127 190 127 173 
127 170 127 144
127 146 127 150
127 116 127 184
127 164 127 142
END OF VOSPI PACKET
Kom ut av sync loop
===================VOSPI PACKET===========================
0 0 250 116
131 236 129 138
129 193 130 197
130 16 130 40
130 56 130 47
130 46 130 44
130 12 129 249
129 226 129 178
129 148 129 152
129 202 130 39
130 168 131 8 
131 73 131 98
131 86 131 91
131 90 131 108
131 93 131 108
131 40 131 130
131 120 131 78
131 96 131 85
131 103 131 95
131 113 131 137
131 78 131 74
131 79 131 69
131 13 130 142 
129 181 128 215
128 175 128 70
128 67 128 56
128 49 128 53
128 21 128 146
128 13 127 235
127 246 127 237
128 1 127 215
127 230 127 233
127 215 127 233
127 217 127 206 
127 186 127 249
127 193 127 177
127 190 127 173
127 170 127 144
127 146 127 150
127 116 127 184
127 164 127 142
END OF VOSPI PACKET
Kom ut av sync loop
===================VOSPI PACKET===========================
0 0 250 116
131 236 129 138
129 193 130 197
130 16 130 40
130 56 130 47
130 46 130 44
130 12 129 249 
129 226 129 178
129 148 129 152
129 202 130 39
130 168 131 8
131 73 131 98
131 86 131 91
131 90 131 108
131 93 131 108
131 40 131 130
131 120 131 78
131 96 131 85
131 103 131 95 
131 113 131 137
131 78 131 74
131 79 131 69
131 13 130 142
129 181 128 215
128 175 128 70
128 67 128 56
128 49 128 53
128 21 128 146
128 13 127 235
127 246 127 237 
128 1 127 215
127 230 127 233
127 215 127 233
127 217 127 206
127 186 127 249
127 193 127 177
127 190 127 173
127 170 127 144
127 146 127 150
127 116 127 184
127 164 127 142 
END OF VOSPI PACKET